oddeven.in1
5
num: 7 8 9 6 5
odd: 1 0 1 0 1
cnt: 1 0 1 0 1
sum: 1 1 2 2 3
idx: 0 1 2 3 4
pseudo
if [right] - [left] - [left - 1]



10
num: 1 2 1 2 1 2  2 1 1 1
odd: 1 0 1 0 1 0  0 1 1 1
cnt: 1 0 1 0 1 0 -1 0 1 2
sum: 1 1 2 2 3 3  2 2 3 5

20
num: 23| 78| 1| 97| 28| 73| 90|  9| 75| 95| 37| 38|  3| 45| 51| 54| 21| 24|  8| 79| 
odd:  1|  0| 1|  1|  0|  1|  0|  1|  1|  1|  1|  0|  1|  1|  1|  0|  1|  0|  0|  1|
cnt:  1|  0| 1|  2|  1|  2|  1|  2|  3|  4|  5|  4|  5|  6|  7|  6|  7|  6|  5|  6|
sum:  1|  1| 2|  4|  5|  7|  8| 10| 13| 17| 22| 26| 31| 37| 44| 50| 57| 63| 68| 74|
idx:  0   1  2   3   4   5   6   7   8   9  10  11  12  13  14  15  16  17  18  19
